561 626
697 610
17 714
715 240
394 95
294 222
708 68
931 761
121 393
81 597
258 339
891 89
999 636
101 458
511 616
826 861
654 752
799 287
458 3
926 516
860 718
376 517
185 398
14 409
187 135
965 740
736 468
968 989
214 348
184 214
769 103
238 570
29 743
385 699
742 358
559 70
767 693
838 655
424 762
556 769
45 1
150 243
473 522
517 217
567 6
496 301
284 824
218 617
345 741
115 754
203 886
299 737
737 538
448 394
311 321
712 61
600 598
512 622
142 157
9 185
333 578
619 709
53 774
558 842
892 711
526 160
968 354
666 905
432 524
341 308
939 332
350 121
466 337
373 868
664 887
616 632
925 245
604 364
310 907
872 731
373 148
231 318
642 18
498 114
502 308
301 897
419 285
127 745
575 900
175 930
540 546
345 780
978 811
460 697
521 795
988 159
487 697
896 158
263 863
838 827
287 854
149 219
451 674
788 872
748 665
453 536
147 649
768 133
795 845
864 594
388 465
159 513
956 393
237 42
122 299
802 67
793 800
852 385
736 463
468 78
918 325
402 352
682 177
1 75
247 725
504 469
635 584
873 841
103 720
117 700
980 505
391 257
148 181
319 163
937 858
627 112
463 204
125 687
740 196
746 446
837 176
90 673
6 220
810 101
63 97
663 148
386 900
610 588
64 672
91 784
292 453
275 556
488 295
442 714
246 551
906 450
409 200
750 714
458 685
771 847
108 717
826 163
586 753
224 132
590 157
609 12
909 422
985 918
245 715
766 991
338 192
784 499
894 50
318 234
557 520
852 325
283 958
667 31
214 860
401 589
412 338
385 561
747 321
671 312
644 897
480 809
28 236
686 101
363 954
37 924
199 503
806 80
793 745
886 193
690 491
668 382
396 121
486 373
964 970
277 988
260 16
788 738
414 965
131 470
287 938
92 75
19 172
274 824
730 553
637 651
295 591
825 833
777 851
848 631
626 928
254 261
720 941
262 643
837 367
220 955
965 300
855 467
474 223
853 168
49 701
456 929
346 566
806 889
30 276
386 296
699 651
843 827
721 305
341 45
198 587
280 685
791 648
778 362
594 134
604 586
77 735
421 408
484 465
624 880
596 3
41 732
869 752
768 553
557 426
495 540
639 711
785 23
251 284
90 119
713 383
623 245
727 880
368 389
113 639
654 655
461 9
744 153
956 698
880 300
922 613
103 662
754 69
11 864
221 150
824 27
857 208
198 446
810 217
913 297
603 342
486 43
570 423
574 539
944 492
771 479
827 784
307 537
459 753
143 259
18 901
938 472
488 258
645 519
505 798
573 112
349 442
43 24
459 587
228 795
539 19
304 556
806 351
403 897
466 390
506 70
724 995
836 930
307 339
788 559
526 609
325 552
519 429
339 743
934 212
871 607
445 812
578 15
261 961
726 518
392 404
857 17
288 233
82 503
355 518
62 458
922 413
379 645
366 30
491 407
890 777
523 401
330 741
938 37
984 816
211 21
429 957
720 662
125 716
313 321
781 724
21 37
504 331
510 412
889 718
793 790
335 233
859 345
496 841
124 218
884 467
525 416
815 762
193 545
13 984
188 930
580 117
819 922
473 825
1000 880
283 717
980 809
276 221
378 776
691 961
264 449
213 919
39 375
427 356
574 50
65 38
51 356
956 743
482 126
219 976
608 907
500 705
242 240
669 716
942 1000
401 793
314 476
66 518
530 886
846 10
767 470
306 786
941 611
772 998
952 704
852 333
779 727
151 520
154 93
924 323
763 440
975 422
297 502
604 185
386 309
329 768
224 502
914 2
132 349
404 797
920 145
178 105
880 390
99 675
523 757
662 766
478 948
285 610
878 546
909 592
886 407
698 509
796 347
173 588
508 468
130 85
503 963
671 137
304 454
507 38
107 827
175 962
577 162
883 379
598 848
660 40
74 308
826 782
15 337
384 490
31 197
941 857
521 9
456 783
347 365
396 433
643 864
954 420
904 81
975 761
918 488
687 334
567 931
53 956
685 142
236 523
553 135
827 148
99 57
154 562
772 554
507 607
210 87
260 492
269 35
452 761
807 722
28 417
581 610
892 431
87 694
94 890
658 226
838 786
629 279
569 477
255 296
700 165
148 249
398 962
186 794
291 654
459 541
288 653
842 772
429 882
839 354
807 725
502 941
349 269
64 47
718 745
496 437
521 356
84 418
444 259
948 861
484 53
996 387
295 535
721 460
809 633
432 280
124 83
883 651
578 459
260 968
681 514
89 934
794 528
109 266
-1 -1
